  A B C D E F G H I J K

A 0 1 1 0 0 0 1 0 1 0 0
B 1 0 0 1 0 0 0 0 0 0 0
C 1 0 0 0 1 1 0 0 0 0 0
D 0 1 0 0 0 0 1 1 0 0 1
E 0 0 1 0 0 0 0 0 1 0 0
F 0 0 1 0 0 0 0 0 1 0 0 
G 1 0 0 1 0 0 0 0 0 0 0 
H 0 0 0 1 0 0 0 0 0 1 1
I 1 0 0 0 1 1 0 0 0 0 0
J 0 0 0 0 0 0 0 1 0 0 1
K 0 0 0 1 0 0 0 1 0 1 0

0 1 1 0 0 0 1 0 1 0 0
1 0 0 1 0 0 0 0 0 0 0
1 0 0 0 1 1 0 0 0 0 0
0 1 0 0 0 0 1 1 0 0 1
0 0 1 0 0 0 0 0 1 0 0
0 0 1 0 0 0 0 0 1 0 0 
1 0 0 1 0 0 0 0 0 0 0 
0 0 0 1 0 0 0 0 0 1 1
1 0 0 0 1 1 0 0 0 0 0
0 0 0 0 0 0 0 1 0 0 1
0 0 0 1 0 0 0 1 0 1 0



//recharge and discharge
3
3 100
75 45 80
30 55 95
2 100
65 90
20 30
5 150
35 105 100 45 75
115 75 55  35 105


//photograph competition
2
5
1 2 2 5 2
10
11 22 33 55 33 99 33 33 33 33

//rabbit protection
7
78 -48 17 198 45 89 52

// black and white chess
5
15
0 2 2 0 1 2 2 1 0 0 0 0 2 0 2
6
0 0 0 0 0 0 
10
0 2 0 0 1 0 0 0 0 0
25
1 2 0 2 0 1 0 1 1 2 0 0 0 2 2 0 1 0 1 0 1 1 2 0 1 
30
0 0 0 0 0 0 0 0 0 0 0 0 0 0 0 0 0 0 0 0 0 0 0 0 0 0 0 0 0 0

//quxijin
14
468 335
501 170
725 479
359 963
465 706
146 282
828 962
492 996
943 828
437 392
605 903
154 293
383 422
717 719